
989673964

791532221

446324234

1042545880

1120536875

996509117

897447840

654897098

472885640

653350791

834878585

1321803705

1304987143

995122577

493901993

657500465

1089336971

1014227673

1036661603

1115609641

529479190

958022253

639516529

909351158

983122251

955396648

897841116

307751675

1053012308

504275369

672150402

1001855348

680514349

638689075

1006605215

990556801

940547441

731871690

1166486511

534453594

1143402987

841140063

483330461

491274558

512402424

520356600

1228038936

1102297707

932389062

942937409

1156452083

1112094262

954252817

747516887

1023663634

747314884

1235504705

449735650

867465887

966078986

972012557

1138725547

377194688

586481698

891186836

342994828

1086842482

791111694

434811130

593369632

1037959338

1031897589

963083092

1088753863

494856551

1037198513

672093597

1096974019

469027061

1071360255

1098075090

1073870337

1106936921

1040491166

510248724

1108397779

1171326248

838804006

897894830

910395494

554936514

548592311

788406144

999745003

1102657935

646640353

496009190

521988799

556164350

1094207590

1063956349

1061051095

971978096

1229073203

1198096692

967741086

1097465856

703327328

563443400

976916334

874153886

502799623

714796093

416345319

727466621

1093063463

1037975766

778342052

899492565

983522106

869231055

510940882

1028950091

977491503

894979588

1057101569

462199252

899467421

1066697625

1119087595

1020167166

899811420

1088720922

909211092

786857884

1080228940

1099554323

779561331

403858572

1141795249

1186647303

1106842267

945268584

1073506457

564672254

945274928

1004691673

1037420924

981791837

595831580

895745892

1050018681

1141273107

1219233424

1071801856

1104855278

1068398844

1335578264

861156904

1013756255

395979574

502844118

588286719

549105915

1086981081

1119082248

556517961

685890408

901832505

710369217

852978495

516761043

660928091

577731278

953358223

953435594

850417475

579188627

1068775369

868692227

1070092192

1117804004

896949185

639486670

948203056

606080169

1117215687

590216134

824713678

564457517

1174766830

1089038738

1040083067

1056016385

671464704

863707458

979092836

694996158

1115493982

982428268

1144762402

985876886

979859989

656176278

1123406342

456532154

491231653

1149182335

997636530

912657726

918184600

490939135

1260493742

1104907987

975447563

698045238

583222866

551905986

982175678

1115036996

792638268

1109303593

522795042

598860440

1027230451

525458069

852912420

829420004

1112416523

499791471

996785884

1278212161

680465449

668317926

1038743400

533383045

958507857

989080154

1095086466

1267701246

504785794

996382259

1163663148

1058370552

685860437

992352200

521030637

741535892

1010704842

582138391

891582840

911663964

595288528

521002734

1142521181

806710859

875790902

893116484

834393815

952174948

500619796

580437470

541044144

786031289

457446957

718153412

973811791

700970012

550923627

1033812632

1207199196

1377058737

455160359

1027285438

790023126

522008813

876244647

1187159855

765375025

878545253

904737816

880686976

703585308

1107529276

791111522

1339079707

414835676

890386857

509458284

931857965

550067264

930411024

987360477

730898004

973351657

1052048518

1146128499

632437966

1184823356

958024475

975823957

895015775
