1243986797
1170455562
1174772776
1027688889
1291245477
895670960
403941510
1105855019
462737588
1033387365
728293409
596402997
543097382
820140906
1132257692
1015364140
768114470
954751394
792562062
1048355267
696565994
1232104244
886566858
673863614
506627515
1191745543
793077082
918748440
1064367739
737651307
1068435609
1012298403
1011682252
567198973
1088150831
886480366
698716187
897779231
1017661438
824104400
797332251
750931425
1174694004
781137889
837545884
1116874634
954198012
838193156
1131595890
1071517766
958842876
788412899
904836838
